|100    |  0.000%|1.56802e+07         |2.75400e+03         |1.60000e+05         |1.61600e+03         |
|100    |  1.000%|1.59386e+07         |1.12136e+06         |1.60000e+05         |4.81600e+03         |
|100    |  2.000%|1.57653e+07         |2.09318e+06         |1.60000e+05         |8.01600e+03         |
|100    |  3.000%|1.56868e+07         |3.35090e+06         |1.60000e+05         |1.12160e+04         |
|100    |  4.000%|1.56598e+07         |5.04930e+06         |1.60000e+05         |1.44160e+04         |
|100    |  5.000%|1.57040e+07         |6.82610e+06         |1.60000e+05         |1.76160e+04         |
|100    |  6.000%|1.56015e+07         |9.26808e+06         |1.60000e+05         |2.08160e+04         |
|100    |  7.000%|1.58809e+07         |1.18149e+07         |1.60000e+05         |2.40160e+04         |
|100    |  8.000%|1.57605e+07         |1.44433e+07         |1.60000e+05         |2.72160e+04         |
|100    |  9.000%|1.54855e+07         |1.76729e+07         |1.60000e+05         |3.04160e+04         |
|100    | 10.000%|1.54394e+07         |2.13458e+07         |1.60000e+05         |3.36160e+04         |
|100    | 11.000%|1.56114e+07         |2.48179e+07         |1.60000e+05         |3.68160e+04         |
|100    | 12.000%|1.57487e+07         |2.83407e+07         |1.60000e+05         |4.00160e+04         |
|100    | 13.000%|1.54442e+07         |3.32251e+07         |1.60000e+05         |4.32160e+04         |
|100    | 14.000%|1.57142e+07         |3.66443e+07         |1.60000e+05         |4.64160e+04         |
|100    | 15.000%|1.56391e+07         |4.13871e+07         |1.60000e+05         |4.96160e+04         |
|100    | 16.000%|1.54612e+07         |4.59704e+07         |1.60000e+05         |5.28160e+04         |
|100    | 26.000%|1.54049e+07         |1.07492e+08         |1.60000e+05         |8.48160e+04         |
|100    | 36.000%|1.53654e+07         |1.88941e+08         |1.60000e+05         |1.16816e+05         |
|100    | 46.000%|1.53425e+07         |2.85098e+08         |1.60000e+05         |1.48816e+05         |
|100    | 56.000%|1.53458e+07         |3.94282e+08         |1.60000e+05         |1.80816e+05         |
|100    | 66.000%|1.53465e+07         |5.04858e+08         |1.60000e+05         |2.12816e+05         |
|200    |  0.000%|1.36371e+08         |3.23600e+03         |6.40000e+05         |3.21600e+03         |
|200    |  1.000%|1.35920e+08         |7.49806e+06         |6.40000e+05         |1.60160e+04         |
|200    |  2.000%|1.36323e+08         |1.91175e+07         |6.40000e+05         |2.88160e+04         |
|200    |  3.000%|1.36504e+08         |3.60237e+07         |6.40000e+05         |4.16160e+04         |
|200    |  4.000%|1.36977e+08         |5.77690e+07         |6.40000e+05         |5.44160e+04         |
|200    |  5.000%|1.36556e+08         |8.32682e+07         |6.40000e+05         |6.72160e+04         |
|200    |  6.000%|1.36833e+08         |1.13158e+08         |6.40000e+05         |8.00160e+04         |
|200    |  7.000%|1.36457e+08         |1.47969e+08         |6.40000e+05         |9.28160e+04         |
|200    |  8.000%|1.36456e+08         |1.87722e+08         |6.40000e+05         |1.05616e+05         |
|200    |  9.000%|1.36745e+08         |2.32492e+08         |6.40000e+05         |1.18416e+05         |
|200    | 10.000%|1.36646e+08         |2.81677e+08         |6.40000e+05         |1.31216e+05         |
|200    | 11.000%|1.36514e+08         |3.34000e+08         |6.40000e+05         |1.44016e+05         |
|200    | 12.000%|1.36696e+08         |3.89073e+08         |6.40000e+05         |1.56816e+05         |
|200    | 13.000%|1.36867e+08         |4.50415e+08         |6.40000e+05         |1.69616e+05         |
|200    | 14.000%|1.36842e+08         |5.12924e+08         |6.40000e+05         |1.82416e+05         |
|200    | 15.000%|1.36703e+08         |5.83715e+08         |6.40000e+05         |1.95216e+05         |

|200    | 16.000%|1.36790e+08         |6.55970e+08         |6.40000e+05         |2.08016e+05         |
|200    | 26.000%|1.36377e+08         |1.60063e+09         |6.40000e+05         |3.36016e+05         |
|200    | 36.000%|1.36157e+08         |2.84607e+09         |6.40000e+05         |4.64016e+05         |
|200    | 46.000%|1.36292e+08         |4.32350e+09         |6.40000e+05         |5.92016e+05         |
|200    | 56.000%|1.36355e+08         |5.95688e+09         |6.40000e+05         |7.20016e+05         |
|200    | 66.000%|1.36673e+08         |7.67228e+09         |6.40000e+05         |8.48016e+05         |
|300    |  0.000%|4.79412e+08         |4.88700e+03         |1.44000e+06         |4.81600e+03         |
|300    |  1.000%|4.80171e+08         |2.85857e+07         |1.44000e+06         |3.36160e+04         |
|300    |  2.000%|4.81631e+08         |8.09743e+07         |1.44000e+06         |6.24160e+04         |
|300    |  3.000%|4.79375e+08         |1.56250e+08         |1.44000e+06         |9.12160e+04         |
|300    |  4.000%|4.79743e+08         |2.54933e+08         |1.44000e+06         |1.20016e+05         |
|300    |  5.000%|4.79407e+08         |3.77953e+08         |1.44000e+06         |1.48816e+05         |
|300    |  6.000%|4.80031e+08         |5.27322e+08         |1.44000e+06         |1.77616e+05         |
|300    |  7.000%|4.80264e+08         |6.97894e+08         |1.44000e+06         |2.06416e+05         |
|300    |  8.000%|4.79816e+08         |8.87059e+08         |1.44000e+06         |2.35216e+05         |
|300    |  9.000%|4.78860e+08         |1.09763e+09         |1.44000e+06         |2.64016e+05         |
|300    | 10.000%|4.79607e+08         |1.33320e+09         |1.44000e+06         |2.92816e+05         |
|300    | 11.000%|4.80253e+08         |1.59663e+09         |1.44000e+06         |3.21616e+05         |
|300    | 12.000%|4.79913e+08         |1.88735e+09         |1.44000e+06         |3.50416e+05         |
|300    | 13.000%|4.79370e+08         |2.19678e+09         |1.44000e+06         |3.79216e+05         |
|300    | 14.000%|4.79148e+08         |2.52409e+09         |1.44000e+06         |4.08016e+05         |
|300    | 15.000%|4.78579e+08         |2.87735e+09         |1.44000e+06         |4.36816e+05         |
|300    | 16.000%|4.79464e+08         |3.24064e+09         |1.44000e+06         |4.65616e+05         |
|300    | 26.000%|4.79695e+08         |7.89861e+09         |1.44000e+06         |7.53616e+05         |
|300    | 36.000%|4.80472e+08         |1.40944e+10         |1.44000e+06         |1.04162e+06         |
|300    | 46.000%|4.79210e+08         |2.14662e+10         |1.44000e+06         |1.32962e+06         |
|300    | 56.000%|4.78811e+08         |2.96312e+10         |1.44000e+06         |1.61762e+06         |
|300    | 66.000%|4.79043e+08         |3.82057e+10         |1.44000e+06         |1.90562e+06         |
|400    |  0.000%|1.18232e+09         |8.11100e+03         |2.56000e+06         |6.41600e+03         |
|400    |  1.000%|1.18471e+09         |7.79625e+07         |2.56000e+06         |5.76160e+04         |
|400    |  2.000%|1.18181e+09         |2.27743e+08         |2.56000e+06         |1.08816e+05         |
|400    |  3.000%|1.18190e+09         |4.53088e+08         |2.56000e+06         |1.60016e+05         |
|400    |  4.000%|1.18563e+09         |7.55686e+08         |2.56000e+06         |2.11216e+05         |
|400    |  5.000%|1.18283e+09         |1.14053e+09         |2.56000e+06         |2.62416e+05         |
|400    |  6.000%|1.18245e+09         |1.58713e+09         |2.56000e+06         |3.13616e+05         |
|400    |  7.000%|1.18415e+09         |2.10102e+09         |2.56000e+06         |3.64816e+05         |
|400    |  8.000%|1.18234e+09         |2.70838e+09         |2.56000e+06         |4.16016e+05         |
|400    |  9.000%|1.18277e+09         |3.39772e+09         |2.56000e+06         |4.67216e+05         |
|400    | 10.000%|1.18295e+09         |4.15922e+09         |2.56000e+06         |5.18416e+05         |
|400    | 11.000%|1.18442e+09         |4.98770e+09         |2.56000e+06         |5.69616e+05         |
|400    | 12.000%|1.18234e+09         |5.91946e+09         |2.56000e+06         |6.20816e+05         |
|400    | 13.000%|1.17977e+09         |6.95937e+09         |2.56000e+06         |6.72016e+05         |
|400    | 14.000%|1.18210e+09         |7.84996e+09         |2.56000e+06         |7.23216e+05         |
|400    | 15.000%|1.18107e+09         |8.93768e+09         |2.56000e+06         |7.74416e+05         |
|400    | 16.000%|1.18383e+09         |1.00704e+10         |2.56000e+06         |8.25616e+05         |
|400    | 26.000%|1.17990e+09         |2.45908e+10         |2.56000e+06         |1.33762e+06         |
|400    | 36.000%|1.18103e+09         |4.40319e+10         |2.56000e+06         |1.84962e+06         |
|400    | 46.000%|1.18295e+09         |6.85440e+10         |2.56000e+06         |2.36162e+06         |
|400    | 56.000%|1.18017e+09         |9.32728e+10         |2.56000e+06         |2.87362e+06         |
|400    | 66.000%|1.18004e+09         |1.19765e+11         |2.56000e+06         |3.38562e+06         |
|500    |  0.000%|2.46215e+09         |7.57100e+03         |4.00000e+06         |8.01600e+03         |
|500    |  1.000%|2.46037e+09         |1.70310e+08         |4.00000e+06         |8.80160e+04         |
|500    |  2.000%|2.45830e+09         |5.25520e+08         |4.00000e+06         |1.68016e+05         |
|500    |  3.000%|2.46134e+09         |1.05160e+09         |4.00000e+06         |2.48016e+05         |
|500    |  4.000%|2.44957e+09         |1.78567e+09         |4.00000e+06         |3.28016e+05         |
|500    |  5.000%|2.45915e+09         |2.68102e+09         |4.00000e+06         |4.08016e+05         |
|500    |  6.000%|2.45816e+09         |3.75761e+09         |4.00000e+06         |4.88016e+05         |
|500    |  7.000%|2.44599e+09         |5.05725e+09         |4.00000e+06         |5.68016e+05         |
|500    |  8.000%|2.45975e+09         |6.55164e+09         |4.00000e+06         |6.48016e+05         |
|500    |  9.000%|2.45412e+09         |8.20377e+09         |4.00000e+06         |7.28016e+05         |
|500    | 10.000%|2.45959e+09         |1.00213e+10         |4.00000e+06         |8.08016e+05         |
|500    | 11.000%|2.44754e+09         |1.20001e+10         |4.00000e+06         |8.88016e+05         |
|500    | 12.000%|2.46045e+09         |1.41558e+10         |4.00000e+06         |9.68016e+05         |
|500    | 13.000%|2.45618e+09         |1.64566e+10         |4.00000e+06         |1.04802e+06         |
|500    | 14.000%|2.47652e+09         |1.89196e+10         |4.00000e+06         |1.12802e+06         |
^C

